waypoints:
- latitude: 30.044455282076235
  longitude: 31.235789426304592
  yaw: 1.3777556451485433
