waypoints:
- latitude: 30.044459963173185
  longitude: 31.23578714900297
  yaw: 1.2519784308961954